# X 	 Y 	 E 	 DX

0.035875	0	0	0.00208079
0.0376688	0	0	0.00217136
0.0395522	0	0	0.00226703
0.0415298	0	0	0.00236803
0.0436063	0	0	0.00247461
0.0457866	0	0	0.00258703
0.0480759	0	0	0.00270557
0.0504797	0	0	0.00283051
0.0530037	0	0	0.00296215
0.0556539	0	0	0.00310082
0.0584366	0	0	0.00324684
0.0613584	0	0	0.00340057
0.0644263	0	0	0.00356237
0.0676477	0	0	0.00373264
0.07103	0	0	0.00391179
0.0745815	0	0	0.00410023
0.0783106	0	0	0.00429843
0.0822262	0	0	0.00450685
0.0863375	0	0	0.00472599
0.0906543	0	0	0.00495638
0.0951871	0	0	0.00519856
0.0999464	0	0	0.00545311
0.104944	0	0	0.00572064
0.110191	0	0	0.00600179
0.1157	0	0	0.00629722
0.121485	0	0	0.00660765
0.12756	0	0	0.0069338
0.133938	0	0	0.00727647
0.140635	0.0817399	0.00419852	0.00763645
0.147666	0.0686868	0.00292705	0.00801461
0.15505	0.0623658	0.00253074	0.00841186
0.162802	0.0645966	0.00225288	0.00882913
0.170942	0.0624597	0.00219819	0.00926743
0.179489	0.0580748	0.0015155	0.00972778
0.188464	0.0519734	0.00155069	0.0102113
0.197887	0.0524236	0.00134274	0.0107191
0.207781	0.0523793	0.00133971	0.0112525
0.21817	0.0504379	0.00111133	0.0118126
0.229079	0.0497269	0.00103398	0.0124009
0.240533	0.0490857	0.000972061	0.0130187
0.25256	0.0479841	0.000834674	0.0136675
0.265188	0.0483489	0.000839174	0.0143488
0.278447	0.0480001	0.000748639	0.0150643
0.292369	0.04811	0.000705863	0.0158157
0.306988	0.0479636	0.000669086	0.0166047
0.322337	0.046753	0.000625039	0.0174332
0.338454	0.046644	0.000591834	0.0183033
0.355377	0.0467829	0.000542723	0.0192169
0.373146	0.0468884	0.000518211	0.0201763
0.391803	0.0458757	0.000482889	0.0211837
0.411393	0.0466057	0.000452174	0.0222416
0.431963	0.0456349	0.00043136	0.0233524
0.453561	0.0414232	0.000940467	0.0245189
0.476239	0	0	0.0257437
0.500051	0	0	0.0270298
0.525053	0	0	0.0283802
0.551306	0	0	0.0297983
0.578871	0	0	0.0312872
0.607815	0	0	0.0328507
0.638206	0	0	0.0344924
0.670116	0	0	0.0362162
0.703622	0	0	0.0380262
0.738803	0	0	0.0399268
0.775743	0	0	0.0419224
0.81453	0	0	0.0440179
0.842198	0	0	0.0455127
